# chigent 図の整備範囲(実測)
# 実測日: 2026-10-09。地理院のタイルサーバーで、図のタイルがあるかを調べた結果。
各行は「ID | タイトル | 図がある範囲[西,南,東,北](度)」。範囲は約60km四方(ズーム9)のタイルを長方形にまとめたもので、粗い。
問いの場所(経度,緯度)がどの範囲にも入らなければ、その図は無い可能性が高い。範囲に入っても、その場所に図があるとは限らない。

afm | 活断層図（都市圏活断層図） | [140.6,43.1,142.7,43.6][140.6,42.6,142.0,43.1][142.7,42.6,143.4,43.1][141.3,42.0,142.0,42.6][139.9,41.5,141.3,42.0][139.9,39.4,141.3,41.0][139.2,38.3,141.3,39.4][138.5,37.7,141.3,38.3][136.4,37.2,141.3,37.7][136.4,36.6,140.6,37.2][135.7,36.0,139.9,36.6][132.9,34.9,139.9,36.0][131.5,34.3,137.8,34.9][138.5,34.3,139.9,34.9][130.1,33.7,135.7,34.3][129.4,33.1,132.9,33.7][130.1,32.0,131.5,33.1]
ccm1 | 平成元年以降 | [133.6,34.3,135.7,34.9][130.8,33.7,133.6,34.3][130.8,33.1,131.5,33.7][132.2,33.1,132.9,33.7][130.1,32.0,130.8,33.1]
ccm2 | 昭和63年以前 | [139.9,40.4,141.3,41.5][140.6,37.7,142.0,38.8][136.4,36.6,137.8,37.2][139.9,35.5,141.3,36.0][136.4,34.9,137.1,35.5][132.2,34.3,135.0,34.9][136.4,34.3,137.8,34.9][130.8,33.7,135.0,34.3][129.4,33.1,130.1,33.7][129.4,32.5,130.8,33.1][130.1,32.0,130.8,32.5]
lcm25k_2012 | 数値地図25000（土地条件） | [139.2,39.9,142.0,44.1][140.6,38.8,142.0,39.9][137.8,37.7,142.0,38.8][136.4,36.6,142.0,37.7][135.0,35.5,142.0,36.6][130.8,34.3,140.6,35.5][129.4,33.1,137.8,34.3][129.4,32.0,133.6,33.1][129.4,30.8,132.2,32.0][126.6,25.8,129.4,27.1]
lcmfc2 | 治水地形分類図 | [140.6,43.1,144.8,45.1][139.2,42.0,144.8,43.1][139.2,41.0,140.6,42.0][139.2,38.8,142.0,41.0][137.8,37.7,142.0,38.8][136.4,36.6,140.6,37.7][132.2,35.5,142.0,36.6][130.8,34.3,140.6,35.5][129.4,33.1,136.4,34.3][129.4,32.0,133.6,33.1][129.4,30.8,132.2,32.0]
ort_1928 | 1928年頃 | [135.0,34.3,135.7,34.9]
ort_USA10 | 1945年～1950年 | [140.6,42.6,142.0,43.6][140.6,37.7,141.3,38.8][138.5,37.7,139.2,38.3][139.2,35.5,140.6,36.0][135.0,34.9,137.1,35.5][137.8,34.9,139.9,35.5][132.2,34.3,132.9,34.9][133.6,34.3,134.3,34.9][135.0,34.3,136.4,34.9][137.1,34.3,138.5,34.9][130.1,33.7,131.5,34.3][130.1,33.1,130.8,33.7][130.1,32.5,131.5,33.1][130.1,32.0,130.8,32.5]
ort_old10 | 1961年～1969年 | [140.6,45.1,143.4,46.1][140.6,44.1,144.8,45.1][140.6,43.1,146.3,44.1][139.2,42.0,146.3,43.1][139.2,38.8,142.0,42.0][137.8,37.7,142.0,38.8][136.4,36.6,142.0,37.7][132.2,35.5,142.0,36.6][128.0,33.1,140.6,35.5][128.0,32.0,133.6,33.1][139.2,32.0,140.6,33.1][129.4,30.8,132.2,32.0][128.0,27.1,130.8,29.5]
ort_riku10 | 1936年～1942年頃 | [139.2,35.5,140.6,36.0][135.0,34.3,136.4,35.5]
swale | 明治期の低湿地 | [142.0,43.6,142.7,44.1][140.6,41.5,141.3,42.0][139.9,41.0,142.0,41.5][139.9,37.7,141.3,38.8][136.4,36.6,137.8,37.2][135.7,36.0,137.8,36.6][138.5,36.0,141.3,36.6][133.6,35.5,137.1,36.0][137.8,35.5,141.3,36.0][131.5,34.9,132.9,35.5][133.6,34.9,140.6,35.5][128.7,34.3,130.1,34.9][131.5,34.3,140.6,34.9][128.7,33.7,135.7,34.3][136.4,33.7,137.1,34.3][129.4,33.1,130.8,33.7][132.2,33.1,134.3,33.7][128.0,32.5,131.5,33.1][128.0,32.0,130.1,32.5][130.1,31.4,130.8,32.0][128.7,28.3,129.4,28.9][128.7,27.7,130.1,28.3][142.0,26.4,142.7,27.7]
